   300.00 1000.00000000000000 
   303.62 1000.00000000000000 
   307.23 1000.00000000000000 
   310.85 1000.00000000000000 
   314.47 1000.00000000000000 
   318.08 1000.00000000000000 
   321.70 1000.00000000000000 
   325.32 1000.00000000000000 
   328.93 1000.00000000000000 
   332.55 1000.00000000000000 
   336.17 1000.00000000000000 
   339.78 1000.00000000000000 
   343.40 1000.00000000000000 
   347.02 1000.00000000000000 
   350.64 1000.00000000000000 
   354.25 1000.00000000000000 
   357.87 1000.00000000000000 
   361.49 1000.00000000000000 
   365.10 1000.00000000000000 
   368.72 999.99999722266296 
   372.34 999.99998862963992 
   375.95 999.99995854591305 
   379.57 999.99986541156841 
   383.19 999.99961086966482 
   386.80 999.99899808900204 
   390.42 999.99770274285368 
   394.04 999.99530931583979 
   397.65 999.99147079455133 
   401.27 999.98618895801962 
   404.89 999.98008457988681 
   408.50 999.97442607902963 
   412.12 999.97075513381617 
   415.74 999.97021853372246 
   419.35 999.97299238285825 
   422.97 999.97818928798097 
   426.59 999.98431457024924 
   430.21 999.98995463741414 
   433.82 999.99427102357754 
   437.44 999.99709042018958 
   441.06 999.99868409381384 
   444.67 999.99947001865416 
   448.29 999.99980991982625 
   451.91 999.99993929098116 
   455.52 999.99998273330039 
   459.14 999.99999562674554 
   462.76 1000.00000000000000 
   466.37 1000.00000000000000 
   469.99 1000.00000000000000 
   473.61 1000.00000000000000 
   477.22 1000.00000000000000 
   480.84 1000.00000000000000 
   484.46 1000.00000000000000 
   488.07 1000.00000000000000 
   491.69 1000.00000000000000 
   495.31 1000.00000000000000 
   498.92 1000.00000000000000 
   502.54 1000.00000000000000 
   506.16 1000.00000000000000 
   509.78 1000.00000000000000 
   513.39 1000.00000000000000 
   517.01 1000.00000000000000 
   520.63 1000.00000000000000 
   524.24 1000.00000000000000 
   527.86 1000.00000000000000 
   531.48 1000.00000000000000 
   535.09 1000.00000000000000 
   538.71 1000.00000000000000 
   542.33 1000.00000000000000 
   545.94 1000.00000000000000 
   549.56 1000.00000000000000 
   553.18 1000.00000000000000 
   556.79 1000.00000000000000 
   560.41 1000.00000000000000 
   564.03 1000.00000000000000 
   567.64 1000.00000000000000 
   571.26 1000.00000000000000 
   574.88 1000.00000000000000 
   578.49 1000.00000000000000 
   582.11 1000.00000000000000 
   585.73 1000.00000000000000 
   589.35 1000.00000000000000 
   592.96 1000.00000000000000 
   596.58 1000.00000000000000 
   600.20 1000.00000000000000 
   603.81 1000.00000000000000 
   607.43 1000.00000000000000 
   611.05 1000.00000000000000 
   614.66 1000.00000000000000 
   618.28 1000.00000000000000 
   621.90 1000.00000000000000 
   625.51 1000.00000000000000 
   629.13 1000.00000000000000 
   632.75 1000.00000000000000 
   636.36 1000.00000000000000 
   639.98 1000.00000000000000 
   643.60 1000.00000000000000 
   647.21 999.99499953232657 
   650.83 999.97910823248299 
   654.45 999.92227961530011 
   658.06 999.74255177866303 
   661.68 999.24065341051221 
   665.30 998.00572339481505 
   668.91 995.33635011244985 
   672.53 990.28905082794790 
   676.15 981.99502098537221 
   679.77 970.27521274839592 
   683.38 956.30416053492524 
   687.00 942.80519068424110 
   690.62 933.33953443759469 
   694.23 930.82084301126906 
   697.85 936.07402137100939 
   701.47 947.40133736568646 
   705.08 961.46394833251020 
   708.70 974.86059896536960 
   712.32 985.39714296333329 
   715.93 992.44706168706512 
   719.55 996.52152217718469 
   723.17 998.57354611271421 
   726.78 999.47913949009114 
   730.40 999.83065190190507 
   734.02 999.95097310239146 
   737.63 999.98736184440781 
   741.25 1000.00000000000000 
   744.87 1000.00000000000000 
   748.48 1000.00000000000000 
   752.10 1000.00000000000000 
   755.72 1000.00000000000000 
   759.34 1000.00000000000000 
   762.95 1000.00000000000000 
   766.57 1000.00000000000000 
   770.19 1000.00000000000000 
   773.80 1000.00000000000000 
   777.42 1000.00000000000000 
   781.04 1000.00000000000000 
   784.65 1000.00000000000000 
   788.27 1000.00000000000000 
   791.89 1000.00000000000000 
   795.50 1000.00000000000000 
   799.12 1000.00000000000000 
   802.74 1000.00000000000000 
   806.35 1000.00000000000000 
   809.97 1000.00000000000000 
   813.59 1000.00000000000000 
   817.20 1000.00000000000000 
   820.82 1000.00000000000000 
   824.44 1000.00000000000000 
   828.05 1000.00000000000000 
   831.67 1000.00000000000000 
   835.29 1000.00000000000000 
   838.91 1000.00000000000000 
   842.52 1000.00000000000000 
   846.14 1000.00000000000000 
   849.76 1000.00000000000000 
   853.37 1000.00000000000000 
   856.99 1000.00000000000000 
   860.61 1000.00000000000000 
   864.22 1000.00000000000000 
   867.84 1000.00000000000000 
   871.46 1000.00000000000000 
   875.07 1000.00000000000000 
   878.69 1000.00000000000000 
   882.31 1000.00000000000000 
   885.92 1000.00000000000000 
   889.54 1000.00000000000000 
   893.16 1000.00000000000000 
   896.77 1000.00000000000000 
   900.39 1000.00000000000000 
   904.01 1000.00000000000000 
   907.62 1000.00000000000000 
   911.24 1000.00000000000000 
   914.86 1000.00000000000000 
   918.48 1000.00000000000000 
   922.09 1000.00000000000000 
   925.71 1000.00000000000000 
   929.33 999.99998630893094 
   932.94 999.99994417678545 
   936.56 999.99979731584779 
   940.18 999.99934468174308 
   943.79 999.99811325888015 
   947.41 999.99516273390259 
   951.03 999.98895628224955 
   954.64 999.97754783063579 
   958.26 999.95935294911123 
   961.88 999.93447190862832 
   965.49 999.90592943302977 
   969.11 999.87974371436508 
   972.73 999.86310436485428 
   976.34 999.86122884167696 
   979.96 999.87473301547004 
   983.58 999.89930640978014 
   987.19 999.92792331359306 
   990.81 999.95405740003116 
   994.43 999.97392261275252 
   998.04 999.98681924430264 
  1001.66 999.99406741126074 
  1005.28 999.99762219716581 
  1008.90 999.99915133739887 
  1012.51 999.99973027458429 
  1016.13 999.99989654372200 
  1019.75 999.99951220227217 
  1023.36 999.99814320916164 
  1026.98 999.99343518355124 
  1030.60 999.97929428385976 
  1034.21 999.94174763197293 
  1037.83 999.85383578433380 
  1041.45 999.67294371161233 
  1045.06 999.34745655472500 
  1048.68 998.83920550271023 
  1052.30 998.15916052100215 
  1055.91 997.39774893397839 
  1059.53 996.72119476815146 
  1063.15 996.31804810543883 
  1066.76 996.31530074388559 
  1070.38 996.71409325463833 
  1074.00 997.38899419481868 
  1077.61 998.15144533176056 
  1081.23 998.83398742320060 
  1084.85 999.34476463869350 
  1088.47 999.67198537828108 
  1092.08 999.85372459238067 
  1095.70 999.94189495734292 
  1099.32 999.97944088268412 
  1102.93 999.99352069472081 
  1106.55 999.99818125289778 
  1110.17 999.99955456347129 
  1113.78 1000.00000000000000 
  1117.40 1000.00000000000000 
  1121.02 1000.00000000000000 
  1124.63 1000.00000000000000 
  1128.25 1000.00000000000000 
  1131.87 999.99992705004001 
  1135.48 999.99968611582881 
  1139.10 999.99879743386452 
  1142.72 999.99589754598946 
  1146.33 999.98753840394340 
  1149.95 999.96629465206911 
  1153.57 999.91882558702969 
  1157.18 999.82589461498321 
  1160.80 999.66749086803907 
  1164.42 999.43444608309187 
  1168.04 999.14313846102584 
  1171.65 998.84311327478827 
  1175.27 998.60692465315424 
  1178.89 998.50138940459431 
  1182.50 998.55494452185951 
  1186.12 998.74282896796194 
  1189.74 999.00113882417793 
  1193.35 999.25995706212962 
  1196.97 999.47308756887355 
  1200.59 999.62778857768285 
  1204.20 999.73484410805406 
  1207.82 999.81163228929256 
  1211.44 999.87053597984482 
  1215.05 999.91658078189778 
  1218.67 999.95074396241421 
  1222.29 999.97370993769243 
  1225.90 999.98740961238536 
  1229.52 999.99462975433983 
  1233.14 999.99794552932190 
  1236.75 999.99930014556151 
  1240.37 999.99978771591032 
  1243.99 999.99994266377553 
  1247.61 999.99998621068698 
  1251.22 1000.00000000000000 
  1254.84 1000.00000000000000 
  1258.46 1000.00000000000000 
  1262.07 1000.00000000000000 
  1265.69 1000.00000000000000 
  1269.31 1000.00000000000000 
  1272.92 1000.00000000000000 
  1276.54 1000.00000000000000 
  1280.16 1000.00000000000000 
  1283.77 1000.00000000000000 
  1287.39 1000.00000000000000 
  1291.01 1000.00000000000000 
  1294.62 1000.00000000000000 
  1298.24 1000.00000000000000 
  1301.86 1000.00000000000000 
  1305.47 1000.00000000000000 
  1309.09 999.99998369176683 
  1312.71 999.99993615527364 
  1316.32 999.99977744449347 
  1319.94 999.99930920870622 
  1323.56 999.99809080379077 
  1327.17 999.99530160562063 
  1330.79 999.98970459181066 
  1334.41 999.97990469928629 
  1338.03 999.96506974897841 
  1341.64 999.94589833803127 
  1345.26 999.92526198480130 
  1348.88 999.90770365292860 
  1352.49 999.89756705437139 
  1356.11 999.89660819269818 
  1359.73 999.90268605909580 
  1363.34 999.91068797995558 
  1366.96 999.91536473637677 
  1370.58 999.91435762955223 
  1374.19 999.90949190501726 
  1377.81 999.90553996084475 
  1381.43 999.90730685014751 
  1385.04 999.91692355737462 
  1388.66 999.93295561497678 
  1392.28 999.95159100391675 
  1395.89 999.96881336237846 
  1399.51 999.98209480425101 
  1403.13 999.99084498476668 
  1406.74 999.99583004878275 
  1410.36 999.99830878791124 
  1413.98 999.99938925436584 
  1417.60 999.99980361068071 
  1421.21 999.99994376967993 
  1424.83 999.99998566431520 
  1428.45 1000.00000000000000 
  1432.06 1000.00000000000000 
  1435.68 1000.00000000000000 
  1439.30 1000.00000000000000 
  1442.91 1000.00000000000000 
  1446.53 1000.00000000000000 
  1450.15 1000.00000000000000 
  1453.76 1000.00000000000000 
  1457.38 1000.00000000000000 
  1461.00 1000.00000000000000 
  1464.61 1000.00000000000000 
  1468.23 1000.00000000000000 
  1471.85 1000.00000000000000 
  1475.46 1000.00000000000000 
  1479.08 999.99881156067977 
  1482.70 999.99512567490922 
  1486.31 999.98310426217199 
  1489.93 999.94778861216116 
  1493.55 999.85613809626159 
  1497.17 999.64649742680456 
  1500.78 999.22520634718944 
  1504.40 998.48499712999183 
  1508.02 997.35656570350864 
  1511.63 995.88328300386615 
  1515.25 994.27644390456987 
  1518.87 992.89404491521702 
  1522.48 992.11988868140770 
  1526.10 992.19256778501426 
  1529.72 993.08708450541508 
  1533.33 994.52859741309442 
  1536.95 996.12812755414507 
  1540.57 997.54969950377040 
  1544.18 998.61301363876009 
  1547.80 999.29766687258427 
  1551.42 999.68181583713704 
  1555.03 999.87102493268753 
  1558.65 999.95322302667171 
  1562.27 999.98482094647397 
  1565.88 999.99559332757713 
  1569.50 999.99885559679774 
  1573.12 999.99982147108506 
  1576.74 1000.00000000000000 
  1580.35 1000.00000000000000 
  1583.97 1000.00000000000000 
  1587.59 1000.00000000000000 
  1591.20 1000.00000000000000 
  1594.82 1000.00000000000000 
  1598.44 1000.00000000000000 
  1602.05 1000.00000000000000 
  1605.67 999.99999765534494 
  1609.29 999.99999057280661 
  1612.90 999.99996624943310 
  1616.52 999.99989240925322 
  1620.14 999.99969460356033 
  1623.75 999.99922812279715 
  1627.37 999.99826288865847 
  1630.99 999.99651901385982 
  1634.60 999.99378884840280 
  1638.22 999.99013181775535 
  1641.84 999.98603961516289 
  1645.45 999.98241457712459 
  1649.07 999.98027561645165 
  1652.69 999.98030076964960 
  1656.30 999.98248176793777 
  1659.92 999.98612840218948 
  1663.54 999.99021957113382 
  1667.16 999.99385977188422 
  1670.77 999.99656753347904 
  1674.39 999.99829146723857 
  1678.01 999.99924275657918 
  1681.62 999.99970115712665 
  1685.24 999.99989498641253 
  1688.86 999.99996714183669 
  1692.47 999.99999084546539 
  1696.09 999.99999772896172 
  1699.71 1000.00000000000000 
  1703.32 1000.00000000000000 
  1706.94 1000.00000000000000 
  1710.56 1000.00000000000000 
  1714.17 1000.00000000000000 
  1717.79 1000.00000000000000 
  1721.41 1000.00000000000000 
  1725.02 1000.00000000000000 
  1728.64 1000.00000000000000 
  1732.26 1000.00000000000000 
  1735.87 1000.00000000000000 
  1739.49 1000.00000000000000 
  1743.11 1000.00000000000000 
  1746.73 1000.00000000000000 
  1750.34 1000.00000000000000 
  1753.96 1000.00000000000000 
  1757.58 1000.00000000000000 
  1761.19 1000.00000000000000 
  1764.81 1000.00000000000000 
  1768.43 1000.00000000000000 
  1772.04 1000.00000000000000 
  1775.66 1000.00000000000000 
  1779.28 1000.00000000000000 
  1782.89 1000.00000000000000 
  1786.51 1000.00000000000000 
  1790.13 1000.00000000000000 
  1793.74 1000.00000000000000 
  1797.36 1000.00000000000000 
  1800.98 1000.00000000000000 
  1804.59 1000.00000000000000 
  1808.21 1000.00000000000000 
  1811.83 1000.00000000000000 
  1815.44 1000.00000000000000 
  1819.06 1000.00000000000000 
  1822.68 1000.00000000000000 
  1826.30 1000.00000000000000 
  1829.91 1000.00000000000000 
  1833.53 1000.00000000000000 
  1837.15 1000.00000000000000 
  1840.76 1000.00000000000000 
  1844.38 1000.00000000000000 
  1848.00 1000.00000000000000 
  1851.61 1000.00000000000000 
  1855.23 1000.00000000000000 
  1858.85 1000.00000000000000 
  1862.46 1000.00000000000000 
  1866.08 1000.00000000000000 
  1869.70 1000.00000000000000 
  1873.31 1000.00000000000000 
  1876.93 1000.00000000000000 
  1880.55 1000.00000000000000 
  1884.16 1000.00000000000000 
  1887.78 1000.00000000000000 
  1891.40 1000.00000000000000 
  1895.01 1000.00000000000000 
  1898.63 1000.00000000000000 
  1902.25 1000.00000000000000 
  1905.87 1000.00000000000000 
  1909.48 1000.00000000000000 
  1913.10 1000.00000000000000 
  1916.72 1000.00000000000000 
  1920.33 1000.00000000000000 
  1923.95 1000.00000000000000 
  1927.57 1000.00000000000000 
  1931.18 1000.00000000000000 
  1934.80 1000.00000000000000 
  1938.42 1000.00000000000000 
  1942.03 1000.00000000000000 
  1945.65 1000.00000000000000 
  1949.27 1000.00000000000000 
  1952.88 1000.00000000000000 
  1956.50 1000.00000000000000 
  1960.12 1000.00000000000000 
  1963.73 1000.00000000000000 
  1967.35 1000.00000000000000 
  1970.97 1000.00000000000000 
  1974.58 1000.00000000000000 
  1978.20 1000.00000000000000 
  1981.82 1000.00000000000000 
  1985.43 1000.00000000000000 
  1989.05 1000.00000000000000 
  1992.67 1000.00000000000000 
  1996.29 1000.00000000000000 
  1999.90 1000.00000000000000 
  2003.52 1000.00000000000000 
  2007.14 1000.00000000000000 
  2010.75 1000.00000000000000 
  2014.37 1000.00000000000000 
  2017.99 1000.00000000000000 
  2021.60 1000.00000000000000 
  2025.22 1000.00000000000000 
  2028.84 1000.00000000000000 
  2032.45 1000.00000000000000 
  2036.07 1000.00000000000000 
  2039.69 1000.00000000000000 
  2043.30 1000.00000000000000 
  2046.92 1000.00000000000000 
  2050.54 1000.00000000000000 
  2054.15 1000.00000000000000 
  2057.77 1000.00000000000000 
  2061.39 1000.00000000000000 
  2065.00 1000.00000000000000 
  2068.62 1000.00000000000000 
  2072.24 1000.00000000000000 
  2075.86 1000.00000000000000 
  2079.47 1000.00000000000000 
  2083.09 1000.00000000000000 
  2086.71 1000.00000000000000 
  2090.32 1000.00000000000000 
  2093.94 1000.00000000000000 
  2097.56 1000.00000000000000 
  2101.17 1000.00000000000000 
  2104.79 1000.00000000000000 
  2108.41 1000.00000000000000 
  2112.02 1000.00000000000000 
  2115.64 1000.00000000000000 
  2119.26 1000.00000000000000 
  2122.87 1000.00000000000000 
  2126.49 1000.00000000000000 
  2130.11 1000.00000000000000 
  2133.72 1000.00000000000000 
  2137.34 1000.00000000000000 
  2140.96 1000.00000000000000 
  2144.57 1000.00000000000000 
  2148.19 1000.00000000000000 
  2151.81 1000.00000000000000 
  2155.43 1000.00000000000000 
  2159.04 1000.00000000000000 
  2162.66 1000.00000000000000 
  2166.28 1000.00000000000000 
  2169.89 1000.00000000000000 
  2173.51 1000.00000000000000 
  2177.13 1000.00000000000000 
  2180.74 1000.00000000000000 
  2184.36 1000.00000000000000 
  2187.98 1000.00000000000000 
  2191.59 1000.00000000000000 
  2195.21 1000.00000000000000 
  2198.83 1000.00000000000000 
  2202.44 1000.00000000000000 
  2206.06 1000.00000000000000 
  2209.68 1000.00000000000000 
  2213.29 1000.00000000000000 
  2216.91 1000.00000000000000 
  2220.53 1000.00000000000000 
  2224.14 1000.00000000000000 
  2227.76 1000.00000000000000 
  2231.38 1000.00000000000000 
  2235.00 1000.00000000000000 
  2238.61 1000.00000000000000 
  2242.23 1000.00000000000000 
  2245.85 1000.00000000000000 
  2249.46 1000.00000000000000 
  2253.08 1000.00000000000000 
  2256.70 1000.00000000000000 
  2260.31 1000.00000000000000 
  2263.93 1000.00000000000000 
  2267.55 1000.00000000000000 
  2271.16 1000.00000000000000 
  2274.78 1000.00000000000000 
  2278.40 1000.00000000000000 
  2282.01 1000.00000000000000 
  2285.63 1000.00000000000000 
  2289.25 1000.00000000000000 
  2292.86 1000.00000000000000 
  2296.48 1000.00000000000000 
  2300.10 1000.00000000000000 
  2303.71 1000.00000000000000 
  2307.33 1000.00000000000000 
  2310.95 1000.00000000000000 
  2314.57 1000.00000000000000 
  2318.18 1000.00000000000000 
  2321.80 1000.00000000000000 
  2325.42 1000.00000000000000 
  2329.03 1000.00000000000000 
  2332.65 1000.00000000000000 
  2336.27 1000.00000000000000 
  2339.88 1000.00000000000000 
  2343.50 1000.00000000000000 
  2347.12 1000.00000000000000 
  2350.73 1000.00000000000000 
  2354.35 1000.00000000000000 
  2357.97 1000.00000000000000 
  2361.58 1000.00000000000000 
  2365.20 1000.00000000000000 
  2368.82 1000.00000000000000 
  2372.43 1000.00000000000000 
  2376.05 1000.00000000000000 
  2379.67 1000.00000000000000 
  2383.28 1000.00000000000000 
  2386.90 1000.00000000000000 
  2390.52 1000.00000000000000 
  2394.13 1000.00000000000000 
  2397.75 1000.00000000000000 
  2401.37 1000.00000000000000 
  2404.99 1000.00000000000000 
  2408.60 1000.00000000000000 
  2412.22 1000.00000000000000 
  2415.84 1000.00000000000000 
  2419.45 1000.00000000000000 
  2423.07 1000.00000000000000 
  2426.69 1000.00000000000000 
  2430.30 1000.00000000000000 
  2433.92 1000.00000000000000 
  2437.54 1000.00000000000000 
  2441.15 1000.00000000000000 
  2444.77 1000.00000000000000 
  2448.39 1000.00000000000000 
  2452.00 1000.00000000000000 
  2455.62 1000.00000000000000 
  2459.24 1000.00000000000000 
  2462.85 1000.00000000000000 
  2466.47 1000.00000000000000 
  2470.09 1000.00000000000000 
  2473.70 1000.00000000000000 
  2477.32 1000.00000000000000 
  2480.94 1000.00000000000000 
  2484.56 1000.00000000000000 
  2488.17 1000.00000000000000 
  2491.79 1000.00000000000000 
  2495.41 1000.00000000000000 
  2499.02 1000.00000000000000 
  2502.64 1000.00000000000000 
  2506.26 1000.00000000000000 
  2509.87 1000.00000000000000 
  2513.49 1000.00000000000000 
  2517.11 1000.00000000000000 
  2520.72 1000.00000000000000 
  2524.34 1000.00000000000000 
  2527.96 1000.00000000000000 
  2531.57 1000.00000000000000 
  2535.19 1000.00000000000000 
  2538.81 1000.00000000000000 
  2542.42 1000.00000000000000 
  2546.04 1000.00000000000000 
  2549.66 1000.00000000000000 
  2553.27 1000.00000000000000 
  2556.89 1000.00000000000000 
  2560.51 1000.00000000000000 
  2564.13 1000.00000000000000 
  2567.74 1000.00000000000000 
  2571.36 1000.00000000000000 
  2574.98 1000.00000000000000 
  2578.59 1000.00000000000000 
  2582.21 1000.00000000000000 
  2585.83 1000.00000000000000 
  2589.44 1000.00000000000000 
  2593.06 1000.00000000000000 
  2596.68 1000.00000000000000 
  2600.29 1000.00000000000000 
  2603.91 1000.00000000000000 
  2607.53 1000.00000000000000 
  2611.14 1000.00000000000000 
  2614.76 1000.00000000000000 
  2618.38 1000.00000000000000 
  2621.99 1000.00000000000000 
  2625.61 1000.00000000000000 
  2629.23 1000.00000000000000 
  2632.84 1000.00000000000000 
  2636.46 1000.00000000000000 
  2640.08 1000.00000000000000 
  2643.70 1000.00000000000000 
  2647.31 1000.00000000000000 
  2650.93 1000.00000000000000 
  2654.55 1000.00000000000000 
  2658.16 1000.00000000000000 
  2661.78 1000.00000000000000 
  2665.40 1000.00000000000000 
  2669.01 1000.00000000000000 
  2672.63 1000.00000000000000 
  2676.25 1000.00000000000000 
  2679.86 1000.00000000000000 
  2683.48 1000.00000000000000 
  2687.10 1000.00000000000000 
  2690.71 1000.00000000000000 
  2694.33 1000.00000000000000 
  2697.95 1000.00000000000000 
  2701.56 1000.00000000000000 
  2705.18 1000.00000000000000 
  2708.80 1000.00000000000000 
  2712.41 1000.00000000000000 
  2716.03 1000.00000000000000 
  2719.65 1000.00000000000000 
  2723.26 1000.00000000000000 
  2726.88 1000.00000000000000 
  2730.50 1000.00000000000000 
  2734.12 1000.00000000000000 
  2737.73 1000.00000000000000 
  2741.35 1000.00000000000000 
  2744.97 1000.00000000000000 
  2748.58 1000.00000000000000 
  2752.20 1000.00000000000000 
  2755.82 1000.00000000000000 
  2759.43 1000.00000000000000 
  2763.05 1000.00000000000000 
  2766.67 1000.00000000000000 
  2770.28 1000.00000000000000 
  2773.90 1000.00000000000000 
  2777.52 1000.00000000000000 
  2781.13 1000.00000000000000 
  2784.75 1000.00000000000000 
  2788.37 1000.00000000000000 
  2791.98 1000.00000000000000 
  2795.60 1000.00000000000000 
  2799.22 1000.00000000000000 
  2802.83 1000.00000000000000 
  2806.45 1000.00000000000000 
  2810.07 1000.00000000000000 
  2813.69 1000.00000000000000 
  2817.30 1000.00000000000000 
  2820.92 1000.00000000000000 
  2824.54 1000.00000000000000 
  2828.15 1000.00000000000000 
  2831.77 1000.00000000000000 
  2835.39 1000.00000000000000 
  2839.00 1000.00000000000000 
  2842.62 1000.00000000000000 
  2846.24 1000.00000000000000 
  2849.85 1000.00000000000000 
  2853.47 1000.00000000000000 
  2857.09 1000.00000000000000 
  2860.70 1000.00000000000000 
  2864.32 1000.00000000000000 
  2867.94 1000.00000000000000 
  2871.55 1000.00000000000000 
  2875.17 1000.00000000000000 
  2878.79 1000.00000000000000 
  2882.40 1000.00000000000000 
  2886.02 1000.00000000000000 
  2889.64 1000.00000000000000 
  2893.26 1000.00000000000000 
  2896.87 1000.00000000000000 
  2900.49 1000.00000000000000 
  2904.11 1000.00000000000000 
  2907.72 1000.00000000000000 
  2911.34 1000.00000000000000 
  2914.96 1000.00000000000000 
  2918.57 1000.00000000000000 
  2922.19 1000.00000000000000 
  2925.81 1000.00000000000000 
  2929.42 1000.00000000000000 
  2933.04 1000.00000000000000 
  2936.66 1000.00000000000000 
  2940.27 1000.00000000000000 
  2943.89 1000.00000000000000 
  2947.51 1000.00000000000000 
  2951.12 1000.00000000000000 
  2954.74 1000.00000000000000 
  2958.36 1000.00000000000000 
  2961.97 1000.00000000000000 
  2965.59 1000.00000000000000 
  2969.21 1000.00000000000000 
  2972.83 1000.00000000000000 
  2976.44 1000.00000000000000 
  2980.06 1000.00000000000000 
  2983.68 1000.00000000000000 
  2987.29 1000.00000000000000 
  2990.91 1000.00000000000000 
  2994.53 1000.00000000000000 
  2998.14 1000.00000000000000 
  3001.76 1000.00000000000000 
  3005.38 1000.00000000000000 
  3008.99 1000.00000000000000 
  3012.61 1000.00000000000000 
  3016.23 1000.00000000000000 
  3019.84 1000.00000000000000 
  3023.46 1000.00000000000000 
  3027.08 1000.00000000000000 
  3030.69 1000.00000000000000 
  3034.31 1000.00000000000000 
  3037.93 1000.00000000000000 
  3041.54 1000.00000000000000 
  3045.16 1000.00000000000000 
  3048.78 1000.00000000000000 
  3052.39 1000.00000000000000 
  3056.01 1000.00000000000000 
  3059.63 1000.00000000000000 
  3063.25 1000.00000000000000 
  3066.86 1000.00000000000000 
  3070.48 1000.00000000000000 
  3074.10 1000.00000000000000 
  3077.71 1000.00000000000000 
  3081.33 1000.00000000000000 
  3084.95 1000.00000000000000 
  3088.56 1000.00000000000000 
  3092.18 1000.00000000000000 
  3095.80 1000.00000000000000 
  3099.41 1000.00000000000000 
  3103.03 1000.00000000000000 
  3106.65 1000.00000000000000 
  3110.26 1000.00000000000000 
  3113.88 1000.00000000000000 
  3117.50 1000.00000000000000 
  3121.11 1000.00000000000000 
  3124.73 1000.00000000000000 
  3128.35 1000.00000000000000 
  3131.96 1000.00000000000000 
  3135.58 1000.00000000000000 
  3139.20 1000.00000000000000 
  3142.82 1000.00000000000000 
  3146.43 1000.00000000000000 
  3150.05 999.98884524336847 
  3153.67 999.95545786707510 
  3157.28 999.84162612454384 
  3160.90 999.49858455745243 
  3164.52 998.58644244998038 
  3168.13 996.45161353508968 
  3171.75 992.06859795520063 
  3175.37 984.21405269677098 
  3178.98 972.02352671604490 
  3182.60 955.85140174880075 
  3186.22 937.96418286447454 
  3189.83 922.38069828373261 
  3193.45 913.52340278774750 
  3197.07 914.21149700396131 
  3200.68 924.21884443502086 
  3204.30 940.39331166243119 
  3207.92 958.25250705819246 
  3211.53 973.96440893690010 
  3215.15 985.54207000295264 
  3218.77 992.85098139534102 
  3222.39 996.85233598369643 
  3226.00 998.76595231320209 
  3229.62 999.56919856157958 
  3233.24 999.86608661908792 
  3236.85 999.96293428085653 
  3240.47 999.99086470639247 
  3244.09 1000.00000000000000 
  3247.70 1000.00000000000000 
  3251.32 1000.00000000000000 
  3254.94 1000.00000000000000 
  3258.55 1000.00000000000000 
  3262.17 1000.00000000000000 
  3265.79 1000.00000000000000 
  3269.40 1000.00000000000000 
  3273.02 1000.00000000000000 
  3276.64 1000.00000000000000 
  3280.25 1000.00000000000000 
  3283.87 1000.00000000000000 
  3287.49 1000.00000000000000 
  3291.10 1000.00000000000000 
  3294.72 1000.00000000000000 
  3298.34 1000.00000000000000 
  3301.96 1000.00000000000000 
  3305.57 1000.00000000000000 
  3309.19 1000.00000000000000 
  3312.81 1000.00000000000000 
  3316.42 1000.00000000000000 
  3320.04 1000.00000000000000 
  3323.66 1000.00000000000000 
  3327.27 1000.00000000000000 
  3330.89 1000.00000000000000 
  3334.51 1000.00000000000000 
  3338.12 1000.00000000000000 
  3341.74 1000.00000000000000 
  3345.36 1000.00000000000000 
  3348.97 1000.00000000000000 
  3352.59 1000.00000000000000 
  3356.21 1000.00000000000000 
  3359.82 1000.00000000000000 
  3363.44 1000.00000000000000 
  3367.06 1000.00000000000000 
  3370.67 1000.00000000000000 
  3374.29 1000.00000000000000 
  3377.91 1000.00000000000000 
  3381.52 1000.00000000000000 
  3385.14 1000.00000000000000 
  3388.76 1000.00000000000000 
  3392.38 1000.00000000000000 
  3395.99 1000.00000000000000 
  3399.61 1000.00000000000000 
  3403.23 1000.00000000000000 
  3406.84 1000.00000000000000 
  3410.46 1000.00000000000000 
  3414.08 1000.00000000000000 
  3417.69 1000.00000000000000 
  3421.31 1000.00000000000000 
  3424.93 1000.00000000000000 
  3428.54 1000.00000000000000 
  3432.16 1000.00000000000000 
  3435.78 1000.00000000000000 
  3439.39 1000.00000000000000 
  3443.01 1000.00000000000000 
  3446.63 1000.00000000000000 
  3450.24 1000.00000000000000 
  3453.86 1000.00000000000000 
  3457.48 1000.00000000000000 
  3461.09 1000.00000000000000 
  3464.71 1000.00000000000000 
  3468.33 1000.00000000000000 
  3471.95 1000.00000000000000 
  3475.56 1000.00000000000000 
  3479.18 1000.00000000000000 
  3482.80 1000.00000000000000 
  3486.41 1000.00000000000000 
  3490.03 1000.00000000000000 
  3493.65 1000.00000000000000 
  3497.26 1000.00000000000000 
  3500.88 1000.00000000000000 
  3504.50 1000.00000000000000 
  3508.11 1000.00000000000000 
  3511.73 1000.00000000000000 
  3515.35 1000.00000000000000 
  3518.96 1000.00000000000000 
  3522.58 1000.00000000000000 
  3526.20 1000.00000000000000 
  3529.81 1000.00000000000000 
  3533.43 1000.00000000000000 
  3537.05 1000.00000000000000 
  3540.66 1000.00000000000000 
  3544.28 1000.00000000000000 
  3547.90 1000.00000000000000 
  3551.52 1000.00000000000000 
  3555.13 1000.00000000000000 
  3558.75 1000.00000000000000 
  3562.37 1000.00000000000000 
  3565.98 1000.00000000000000 
  3569.60 1000.00000000000000 
  3573.22 1000.00000000000000 
  3576.83 1000.00000000000000 
  3580.45 1000.00000000000000 
  3584.07 1000.00000000000000 
  3587.68 1000.00000000000000 
  3591.30 1000.00000000000000 
  3594.92 1000.00000000000000 
  3598.53 1000.00000000000000 
  3602.15 1000.00000000000000 
  3605.77 1000.00000000000000 
  3609.38 1000.00000000000000 
  3613.00 1000.00000000000000 
  3616.62 1000.00000000000000 
  3620.23 1000.00000000000000 
  3623.85 1000.00000000000000 
  3627.47 1000.00000000000000 
  3631.09 1000.00000000000000 
  3634.70 1000.00000000000000 
  3638.32 1000.00000000000000 
  3641.94 1000.00000000000000 
  3645.55 1000.00000000000000 
  3649.17 1000.00000000000000 
  3652.79 1000.00000000000000 
  3656.40 1000.00000000000000 
  3660.02 1000.00000000000000 
  3663.64 1000.00000000000000 
  3667.25 1000.00000000000000 
  3670.87 1000.00000000000000 
  3674.49 1000.00000000000000 
  3678.10 1000.00000000000000 
  3681.72 1000.00000000000000 
  3685.34 1000.00000000000000 
  3688.95 1000.00000000000000 
  3692.57 1000.00000000000000 
  3696.19 1000.00000000000000 
  3699.80 1000.00000000000000 
  3703.42 1000.00000000000000 
  3707.04 1000.00000000000000 
  3710.65 1000.00000000000000 
  3714.27 1000.00000000000000 
  3717.89 1000.00000000000000 
  3721.51 1000.00000000000000 
  3725.12 1000.00000000000000 
  3728.74 1000.00000000000000 
  3732.36 1000.00000000000000 
  3735.97 1000.00000000000000 
  3739.59 1000.00000000000000 
  3743.21 1000.00000000000000 
  3746.82 1000.00000000000000 
  3750.44 1000.00000000000000 
  3754.06 1000.00000000000000 
  3757.67 1000.00000000000000 
  3761.29 1000.00000000000000 
  3764.91 1000.00000000000000 
  3768.52 1000.00000000000000 
  3772.14 1000.00000000000000 
  3775.76 1000.00000000000000 
  3779.37 1000.00000000000000 
  3782.99 1000.00000000000000 
  3786.61 1000.00000000000000 
  3790.22 1000.00000000000000 
  3793.84 1000.00000000000000 
  3797.46 1000.00000000000000 
  3801.08 1000.00000000000000 
  3804.69 1000.00000000000000 
  3808.31 1000.00000000000000 
  3811.93 1000.00000000000000 
  3815.54 1000.00000000000000 
  3819.16 1000.00000000000000 
  3822.78 1000.00000000000000 
  3826.39 1000.00000000000000 
  3830.01 1000.00000000000000 
  3833.63 1000.00000000000000 
  3837.24 1000.00000000000000 
  3840.86 1000.00000000000000 
  3844.48 1000.00000000000000 
  3848.09 1000.00000000000000 
  3851.71 1000.00000000000000 
  3855.33 1000.00000000000000 
  3858.94 1000.00000000000000 
  3862.56 1000.00000000000000 
  3866.18 1000.00000000000000 
  3869.79 1000.00000000000000 
  3873.41 1000.00000000000000 
  3877.03 1000.00000000000000 
  3880.65 1000.00000000000000 
  3884.26 1000.00000000000000 
  3887.88 1000.00000000000000 
  3891.50 1000.00000000000000 
  3895.11 1000.00000000000000 
  3898.73 1000.00000000000000 
  3902.35 1000.00000000000000 
  3905.96 1000.00000000000000 
  3909.58 1000.00000000000000 
  3913.20 1000.00000000000000 
  3916.81 1000.00000000000000 
  3920.43 1000.00000000000000 
  3924.05 1000.00000000000000 
  3927.66 1000.00000000000000 
  3931.28 1000.00000000000000 
  3934.90 1000.00000000000000 
  3938.51 1000.00000000000000 
  3942.13 1000.00000000000000 
  3945.75 1000.00000000000000 
  3949.36 1000.00000000000000 
  3952.98 1000.00000000000000 
  3956.60 1000.00000000000000 
  3960.22 1000.00000000000000 
  3963.83 1000.00000000000000 
  3967.45 1000.00000000000000 
  3971.07 1000.00000000000000 
  3974.68 1000.00000000000000 
  3978.30 1000.00000000000000 
  3981.92 1000.00000000000000 
  3985.53 1000.00000000000000 
  3989.15 1000.00000000000000 
  3992.77 1000.00000000000000 
  3996.38 1000.00000000000000 
  4000.00 1000.00000000000000 
